Node_id	Latitude	Longitude	Demand (boxes)
Depot	35.53	35.77	0
Customer 1	35.571807	35.826632	534
Customer 2	35.605405	35.791175	129
Customer 3	35.5833333	35.7833333	53
Customer 4	35.583543	35.830723	74
Customer 5	35.620487	35.823906	155
Customer 6	35.54071	35.795267	62
Customer 7	35.60214	35.856623	351
Customer 8	35.584357	35.81436	45
Customer 9	35.585637	35.852534	54
Customer 10	35.638011	35.807542	66
Customer 11	35.556667	35.868611	76
Customer 12	35.575278	35.869444	830
Customer 13	35.635309	35.954693	26
Customer 14	35.583333	35.900003	30
Customer 15	35.609722	35.976667	193
Customer 16	35.595556	35.893333	49
Customer 17	35.590529	35.881833	128
Customer 18	35.626389	36.014167	304
Customer 19	35.628611	36.006944	21
Customer 20	35.591667	35.9125	63
Customer 21	35.565833	35.912778	27
Customer 22	35.621944	35.980278	232
Customer 23	35.63393	35.977221	517
Customer 24	35.67151	35.789811	481
Customer 25	35.658357	35.892732	207
Customer 26	35.660746	35.845718	50
Customer 27	35.618332	35.898182	37
Customer 28	35.672549	35.91044	53
Customer 29	35.667158	35.899812	252
Customer 30	35.629917	35.857708	91
